1139557
1152505
1171708
1226521
1140630
1260683
1216466
1142098
1242589
1148556
1264399
1179944
1211459
1226244
1184501
1230363
1252599
1264399
1215691
1218134
1248457
1136136
1140131
1230655
1196747
1213099
1138731
1207509
1143610
1254210
1238926
1191609
1142537
1212683
1261378
1172384
1233234
1165648
1248506
1261593
1241843
1231570
1137860
1196079
1141661
1222879
1180112
1141653
1180112
1238632
1140699
1266229
1215962
1213365
1239703
1178981
1142023
1167558
1208304
1167127
1217248
1208304
1261184
1200263
1250072
1199121
1202913
1220936
1186961
1234269
1262339
1214109
1237299
1220622
1187742
1145899
1173223
1223413
1211819
1154004
1267184
1211322
1234477
1209414
1251741
1174174
1193589
1172985
1216028
1245237
1251141
1245237
1215440
1220029
1224219
1236627
1258453
1250540
1137591
1233838
1232103
1152734
1204519
1169364
1139186
1261093
1228222
1258376
1229870

1243115
1159119
1252206
1207464
1172840
1161165
1149084
1264833
1242021
1203278
1159448
1261780
1262938
1253940
1247668
1218351
1187994
1218644
1190994
1219515
1238522
1187638
1193536
1136467
1169553
1266968
1250376
1171234
1260176
1195849
1231286
1235035
1139626
1233242
1227776
1200565
1148218
1207416
1233242
1254139
1223685
1250323
1210947
1220891
1251200
1237289